58234.7827239574	0.52930994154452	9.42E-07
58260.5551588821	0.529308789739094	3.93E-07
58261.7305762018	0.529317390617304	2.66E-06
58297.4678782021	0.529309478710071	1.11E-06
58298.5260321093	0.5293168653303		1.26E-06
58336.4006706034	0.529347743437669	2.66E-06
58337.4496487837	0.529650994231002	3.61E-07
58408.3037757852	0.529339640895418	1.26E-07
58543.3061765304	0.529328573401445	4.47E-06
58564.7569173607	0.52935650801446	2.12E-07
58584.7816888624	0.529327613917799	3.94E-06
58621.698250729		0.529359549605044	5.66E-07
58656.5243089329	0.529345180152209	8.38E-07
58691.5903469798	0.529280360728371	1.00E+00
58691.6032707294	0.529279933469987	2.00E+00
58726.2417075454	0.529293120742185	2.07E-07
58726.2714466722	0.529311122069295	2.20E-07
58752.430230224		0.529316332414793	1.81E-06

